Auto-reload is on. Simply save files over USB to run them or enter REPL to disable.
code.py output:
[8987, 4455, 589, 539, 591, 538, 571, 1661, 587, 541, 566, 562, 566, 536, 594, 534, 563, 567, 592, 1638, 569, 1663, 595, 533, 564, 1667, 591, 1641, 597, 1662, 596, 1637, 590, 1667, 560, 541, 588, 567, 542, 560, 569, 560, 559, 543, 565, 537, 592, 1692, 534, 568, 562, 1670, 567, 1665, 595, 1664, 594, 1638, 568, 1664, 595, 1637, 590, 539, 590, 1668, 591]
NEC IR code received:  None
[9020, 4421, 625, 504, 616, 512, 595, 1638, 620, 508, 602, 500, 627, 501, 618, 511, 597, 506, 624, 1634, 594, 1638, 619, 509, 599, 1633, 615, 1617, 620, 1638, 601, 1633, 615, 1617, 620, 1638, 599, 502, 627, 503, 615, 511, 597, 505, 623, 507, 612, 1619, 619, 510, 619, 510, 598, 1633, 615, 1617, 621, 1638, 599, 1633, 614, 1617, 622, 508, 620, 1612, 625]
NEC IR code received:  None
[9023, 4418, 626, 503, 616, 513, 595, 1636, 623, 505, 592, 510, 618, 511, 618, 511, 598, 503, 626, 1633, 593, 1639, 620, 508, 599, 1632, 617, 1616, 621, 1637, 600, 1631, 617, 1615, 624, 1636, 590, 510, 618, 1640, 598, 1634, 615, 1617, 620, 508, 620, 1611, 626, 502, 616, 513, 595, 1637, 611, 517, 591, 510, 620, 508, 620, 1610, 626, 503, 616, 1615, 622]
NEC IR code received:  None
[9014, 4426, 619, 509, 588, 541, 600, 1632, 615, 515, 594, 506, 622, 507, 591, 538, 592, 510, 617, 1640, 597, 1635, 583, 545, 593, 1639, 610, 1621, 627, 1631, 594, 1638, 610, 1622, 616, 513, 616, 512, 597, 1635, 612, 1619, 618, 1642, 597, 504, 624, 1635, 592, 510, 618, 1638, 599, 1633, 615, 514, 595, 506, 622, 506, 611, 1620, 617, 513, 616, 1614, 625]
NEC IR code received:  None
[8993, 4456, 621, 507, 590, 540, 588, 1644, 595, 534, 564, 564, 594, 508, 590, 540, 569, 560, 589, 1642, 565, 1670, 588, 541, 566, 1666, 593, 1641, 618, 1639, 598, 1635, 592, 1641, 597, 533, 586, 542, 598, 505, 592, 1667, 590, 1642, 586, 543, 597, 1637, 590, 539, 590, 1642, 585, 1647, 621, 1639, 598, 504, 625, 504, 616, 1617, 620, 511, 618, 1614, 624]
NEC IR code received:  None
[9031, 4418, 627, 504, 614, 514, 594, 1638, 620, 510, 598, 504, 626, 503, 615, 513, 595, 508, 620, 1639, 600, 1633, 614, 515, 594, 1638, 620, 1612, 626, 1633, 593, 1639, 588, 1644, 625, 1634, 592, 510, 619, 510, 619, 1612, 626, 1635, 592, 509, 620, 1639, 600, 503, 625, 504, 616, 1616, 621, 1638, 600, 503, 626, 504, 616, 1616, 621, 507, 611, 1622, 626]
NEC IR code received:  None
[9025, 4419, 628, 502, 615, 513, 595, 1637, 621, 508, 601, 501, 627, 501, 617, 513, 595, 505, 623, 1637, 592, 1640, 618, 511, 597, 1635, 613, 1619, 630, 1629, 598, 1636, 611, 1620, 628, 1633, 595, 507, 623, 1636, 601, 501, 627, 501, 618, 511, 597, 1635, 613, 516, 593, 510, 619, 1639, 598, 504, 625, 1634, 594, 1640, 618, 1612, 626, 504, 614, 1618, 620]
NEC IR code received:  None
[8993, 4453, 624, 506, 611, 516, 592, 1641, 618, 513, 595, 507, 623, 506, 613, 516, 592, 510, 618, 1640, 597, 1636, 624, 506, 590, 1642, 616, 1616, 623, 1637, 601, 1631, 616, 1618, 621, 508, 620, 508, 599, 1633, 615, 513, 594, 508, 622, 507, 621, 1612, 627, 502, 616, 1618, 619, 1639, 599, 504, 625, 1635, 592, 1640, 618, 1614, 624, 505, 613, 1619, 619]
NEC IR code received:  None
[9023, 4425, 621, 509, 620, 510, 598, 1635, 613, 516, 592, 510, 618, 511, 618, 512, 596, 506, 622, 1637, 601, 1632, 616, 514, 595, 1638, 620, 1614, 623, 1636, 601, 1632, 616, 1619, 619, 510, 618, 511, 598, 505, 624, 1636, 592, 511, 618, 511, 618, 1615, 623, 506, 624, 1610, 627, 1633, 594, 1640, 620, 508, 600, 1633, 614, 1620, 617, 511, 618, 1615, 622]
NEC IR code received:  None
[9024, 4426, 620, 510, 598, 504, 625, 1635, 592, 511, 628, 503, 616, 514, 595, 508, 621, 508, 620, 1614, 625, 1636, 592, 510, 618, 1642, 594, 1638, 622, 1613, 625, 1635, 602, 1630, 618, 1615, 622, 508, 621, 509, 599, 1634, 615, 514, 593, 510, 619, 1640, 598, 505, 624, 506, 613, 1619, 629, 1631, 596, 507, 622, 1638, 599, 1634, 615, 515, 592, 1640, 618]
NEC IR code received:  None
[9012, 4436, 620, 508, 600, 502, 626, 1634, 593, 510, 619, 510, 620, 508, 599, 504, 625, 504, 615, 1619, 618, 1642, 596, 506, 622, 1637, 600, 1633, 615, 1619, 618, 1642, 596, 1638, 622, 1612, 625, 505, 613, 1619, 619, 510, 619, 1614, 623, 506, 622, 1611, 627, 501, 616, 513, 595, 1639, 619, 509, 599, 1635, 613, 515, 594, 1639, 618, 511, 597, 1637, 623]
NEC IR code received:  None
[9012, 4433, 612, 517, 592, 511, 617, 1644, 595, 508, 621, 508, 621, 508, 599, 503, 627, 502, 615, 1618, 619, 1642, 595, 506, 623, 1637, 601, 1633, 615, 1619, 619, 1642, 596, 1637, 621, 509, 600, 503, 626, 1634, 594, 511, 618, 1640, 598, 504, 624, 1636, 601, 501, 627, 1633, 594, 1640, 620, 509, 599, 1635, 612, 517, 592, 1642, 616, 513, 596, 1637, 620]
NEC IR code received:  None
[9019, 4427, 618, 511, 597, 506, 622, 1638, 600, 502, 626, 504, 614, 514, 594, 511, 618, 510, 619, 1614, 623, 1637, 600, 502, 627, 1634, 594, 1640, 618, 1616, 621, 1639, 598, 1635, 613, 516, 592, 511, 618, 511, 618, 512, 597, 1635, 622, 508, 599, 1633, 615, 515, 592, 1640, 618, 1616, 622, 1638, 599, 1635, 613, 515, 594, 1640, 617, 513, 595, 1639, 618]
NEC IR code received:  None
[9009, 4436, 620, 509, 599, 504, 625, 1635, 593, 510, 619, 510, 621, 508, 598, 504, 625, 505, 613, 1619, 618, 1642, 596, 506, 623, 1637, 600, 1632, 616, 1618, 620, 1640, 597, 1635, 613, 1621, 627, 501, 618, 511, 596, 506, 623, 1637, 602, 500, 627, 1633, 595, 508, 620, 508, 620, 1614, 624, 1636, 592, 1640, 617, 511, 597, 1637, 621, 507, 601, 1633, 614]
NEC IR code received:  None
[8990, 4455, 600, 503, 626, 503, 616, 1619, 619, 508, 621, 508, 599, 503, 627, 502, 614, 515, 593, 1639, 620, 1613, 623, 506, 615, 1619, 627, 1633, 594, 1637, 620, 1613, 626, 1634, 592, 1642, 616, 513, 596, 1638, 620, 1612, 626, 504, 613, 515, 593, 1641, 617, 511, 597, 505, 624, 1637, 600, 502, 627, 502, 616, 1616, 622, 1638, 599, 504, 625, 1635, 593]
NEC IR code received:  None
[8991, 4454, 591, 512, 617, 513, 616, 1617, 621, 509, 621, 508, 599, 504, 625, 504, 616, 513, 596, 1638, 620, 1615, 622, 506, 623, 1611, 626, 1634, 593, 1641, 618, 1615, 622, 1638, 599, 504, 625, 503, 615, 1618, 619, 1641, 597, 505, 623, 506, 613, 1620, 629, 501, 616, 1617, 621, 1640, 598, 505, 624, 505, 614, 1619, 618, 1642, 596, 506, 621, 1639, 599]
NEC IR code received:  None
[9000, 4448, 598, 505, 625, 506, 613, 1619, 626, 504, 615, 513, 595, 508, 622, 507, 621, 508, 600, 1635, 613, 1620, 629, 502, 616, 1617, 622, 1639, 598, 1635, 623, 1612, 626, 1635, 592, 1642, 616, 1616, 622, 1638, 598, 1635, 613, 1621, 627, 502, 616, 513, 595, 507, 621, 508, 621, 509, 600, 502, 625, 505, 614, 515, 594, 1640, 617, 1617, 620, 1639, 600]
NEC IR code received:  None
[8990, 4455, 601, 503, 625, 503, 616, 1618, 620, 509, 621, 508, 598, 504, 625, 504, 615, 514, 595, 1638, 619, 1615, 623, 506, 613, 1620, 626, 1633, 594, 1640, 620, 1613, 624, 1635, 602, 501, 627, 1632, 594, 1639, 619, 1614, 625, 1634, 591, 511, 618, 511, 618, 511, 597, 1637, 621, 508, 601, 502, 627, 501, 616, 513, 595, 1638, 620, 1614, 623, 1636, 592]
NEC IR code received:  None
[8998, 4446, 599, 503, 626, 504, 616, 1617, 620, 509, 620, 509, 599, 503, 627, 503, 615, 513, 595, 1638, 620, 1613, 624, 504, 614, 1620, 618, 1640, 597, 1637, 621, 1610, 627, 1633, 595, 1637, 620, 509, 599, 1634, 613, 1621, 618, 1640, 566, 536, 592, 536, 613, 515, 572, 530, 599, 1661, 567, 536, 592, 536, 614, 515, 573, 1660, 618, 1615, 623, 1636, 601]
NEC IR code received:  None
[8986, 4456, 600, 502, 627, 503, 616, 1617, 620, 508, 621, 509, 599, 502, 627, 502, 616, 513, 595, 1639, 619, 1612, 626, 503, 615, 1619, 618, 1640, 597, 1637, 611, 1621, 627, 1632, 595, 507, 622, 508, 621, 1611, 626, 1634, 593, 1641, 618, 511, 566, 537, 592, 536, 613, 1619, 597, 1663, 565, 538, 590, 538, 622, 508, 569, 1664, 615, 1617, 590, 1670, 567]
NEC IR code received:  None
[8987, 4456, 601, 502, 627, 504, 615, 1617, 620, 509, 620, 509, 600, 503, 625, 503, 615, 514, 594, 1640, 619, 1614, 623, 507, 612, 1621, 627, 1633, 595, 1638, 619, 1614, 624, 1636, 591, 512, 618, 511, 617, 513, 595, 1637, 621, 1612, 626, 503, 615, 514, 594, 508, 621, 1639, 599, 1636, 613, 1620, 597, 534, 616, 513, 564, 1670, 620, 1612, 625, 1635, 592]
NEC IR code received:  None
[8990, 4455, 591, 511, 618, 511, 618, 1615, 622, 508, 621, 508, 601, 501, 627, 502, 618, 511, 595, 1638, 620, 1612, 625, 505, 614, 1619, 619, 1641, 597, 1636, 622, 1612, 627, 1633, 593, 1640, 619, 510, 598, 505, 624, 1636, 602, 1632, 616, 513, 595, 508, 622, 508, 619, 509, 599, 1634, 615, 1619, 618, 511, 619, 511, 597, 1637, 621, 1611, 626, 1634, 595]
NEC IR code received:  None
[8994, 4451, 595, 508, 620, 508, 621, 1614, 625, 505, 613, 516, 592, 510, 619, 510, 619, 510, 598, 1636, 612, 1620, 628, 502, 617, 1616, 622, 1638, 599, 1633, 616, 1619, 618, 1642, 596, 506, 621, 1639, 599, 504, 625, 1634, 593, 1641, 618, 512, 596, 507, 623, 506, 613, 1620, 627, 503, 615, 1617, 621, 508, 622, 508, 600, 1633, 615, 1616, 620, 1640, 596]
NEC IR code received:  None
[8995, 4449, 596, 507, 624, 505, 612, 1622, 627, 500, 617, 513, 595, 506, 623, 506, 613, 515, 592, 1640, 618, 1616, 621, 506, 612, 1621, 627, 1633, 594, 1638, 620, 1614, 625, 1634, 594, 1640, 618, 1614, 623, 506, 613, 1621, 627, 1631, 564, 539, 590, 539, 622, 508, 569, 534, 595, 534, 616, 1616, 591, 538, 621, 508, 569, 1665, 614, 1618, 620, 1640, 597]
NEC IR code received:  None
[8993, 4450, 596, 506, 622, 508, 620, 1612, 627, 502, 616, 513, 595, 507, 622, 508, 621, 507, 602, 1631, 616, 1618, 621, 508, 620, 1612, 625, 1635, 592, 1642, 617, 1615, 622, 1639, 599, 1633, 615, 1618, 619, 1640, 597, 505, 624, 1637, 590, 513, 617, 510, 618, 511, 597, 506, 624, 504, 613, 515, 592, 1641, 618, 511, 597, 1636, 612, 1621, 627, 1633, 595]
NEC IR code received:  None
[9000, 4451, 595, 508, 620, 509, 620, 1615, 623, 505, 614, 517, 592, 510, 618, 511, 617, 513, 596, 1638, 620, 1613, 625, 505, 614, 1619, 628, 1633, 595, 1640, 618, 1614, 623, 1636, 603, 500, 628, 1633, 595, 1640, 618, 511, 597, 1637, 621, 508, 601, 502, 627, 504, 614, 1619, 618, 511, 618, 513, 595, 1637, 622, 508, 599, 1634, 614, 1619, 618, 1642, 595]
NEC IR code received:  None
[9001, 4448, 597, 507, 622, 507, 622, 1612, 627, 503, 615, 513, 595, 508, 620, 508, 620, 508, 600, 1635, 613, 1619, 618, 511, 619, 1615, 622, 1637, 600, 1633, 615, 1619, 618, 1642, 596, 1636, 622, 508, 600, 1633, 615, 515, 593, 1641, 617, 512, 597, 506, 623, 506, 623, 507, 603, 1631, 615, 513, 595, 1639, 620, 509, 599, 1634, 614, 1619, 628, 1632, 595]
NEC IR code received:  None
[9002, 4447, 598, 505, 624, 505, 613, 1619, 620, 511, 618, 511, 597, 506, 623, 506, 613, 517, 592, 1642, 616, 1616, 621, 508, 622, 1611, 625, 1635, 592, 1640, 618, 1615, 624, 1637, 600, 503, 627, 504, 614, 1619, 620, 510, 618, 1614, 623, 507, 622, 507, 601, 501, 627, 1633, 595, 1640, 618, 510, 599, 1636, 621, 507, 602, 1633, 615, 1617, 620, 1642, 596]
NEC IR code received:  None
[8998, 4453, 602, 501, 629, 501, 616, 1616, 622, 508, 621, 508, 599, 504, 624, 506, 613, 516, 592, 1640, 618, 1616, 622, 507, 622, 1612, 625, 1635, 593, 1640, 619, 1611, 626, 1634, 594, 509, 619, 510, 618, 511, 598, 505, 624, 1629, 597, 507, 622, 506, 623, 508, 600]
NEC IR code received:  None
[9025, 4424, 620, 509, 599, 504, 626, 1634, 593, 510, 619, 510, 618, 511, 598, 505, 624, 506, 613, 1621, 627, 1633, 595, 508, 620, 1638, 598, 1635, 613, 1621, 627, 1632, 596, 1637, 621, 1612, 625, 504, 615, 514, 594, 509, 620, 1640, 597, 506, 624, 506, 611, 517, 602, 501, 629, 1630, 595, 1638, 620, 1613, 625, 505, 613, 1619, 619, 1642, 596, 1638, 621]
NEC IR code received:  None
[9018, 4429, 616, 514, 595, 508, 621, 1638, 599, 504, 626, 504, 613, 515, 593, 510, 619, 510, 618, 1616, 623, 1637, 599, 504, 625, 1634, 594, 1639, 618, 1616, 622, 1638, 600, 1634, 615, 516, 592, 1640, 618, 512, 596, 506, 622, 1637, 601, 502, 627, 502, 616, 513, 596, 1636, 621, 508, 601, 1633, 613, 1619, 619, 512, 618, 1615, 622, 1639, 599, 1634, 614]
NEC IR code received:  None
[9022, 4427, 618, 511, 597, 506, 622, 1638, 600, 502, 627, 504, 614, 514, 594, 508, 620, 509, 620, 1614, 624, 1636, 591, 512, 629, 1631, 595, 1640, 619, 1614, 624, 1636, 591, 1642, 617, 1617, 620, 1640, 598, 505, 624, 506, 612, 1621, 627, 502, 617, 513, 596, 507, 621, 508, 622, 508, 599, 1633, 615, 1619, 618, 511, 618, 1616, 621, 1638, 600, 1634, 614]
NEC IR code received:  None